0	8.4984169272	10.2533953737	2.1634719391	2.7861492241	11.397712664
8.4984169272	0	12.974780989	8.5992153371	9.2370910612	18.392716113
10.2533953737	12.974780989	0	10.8300779782	9.8299195543	17.3626902348
2.1634719391	8.5992153371	10.8300779782	0	3.616210158	11.374517655
2.7861492241	9.2370910612	9.8299195543	3.616210158	0	11.6505123495
11.397712664	18.392716113	17.3626902348	11.374517655	11.6505123495	0
