1.497955078	11.8904990599	19.9875795658	3.8856642783	3.8873933055	12.5732193252
11.8904990599	11.93161645	24.2045552762	14.2795703154	14.087257576	19.9046183668
19.9875795658	24.2045552762	20.02093721	20.373741393	20.4126540037	24.7009568535
3.8856642783	14.2795703154	20.373741393	3.59921137	5.5397541512	14.57397471
3.8873933055	14.087257576	20.4126540037	5.5397541512	4.149936005	13.8020995335
12.5732193252	19.9046183668	24.7009568535	14.57397471	13.8020995335	12.83767229
